800 566 500088 1.63095 4.11944 4.68286 4.92867 11.89402 1.10443 1.41343 2.48848 3.05191 3.29772 0.56343 0.80923 0.24581 2.52578 2.87124 3.02196 1.13677 1.19644 1.05249 0.39592 0.34828 0.33091 0.87968 0.83581 0.95013
705 720 83227 1.23708 3.27079 3.78820 4.09129 7.05372 0.16396 0.97917 2.03371 2.55112 2.85421 0.51742 0.82050 0.30309 2.64396 3.06221 3.30721 1.15819 1.25086 1.08001 0.37822 0.32656 0.30237 0.86341 0.79945 0.92592
765 610 504633 1.68374 4.35687 5.02786 5.31725 18.28128 1.08140 1.25410 2.67313 3.34413 3.63352 0.67100 0.96039 0.28939 2.58762 2.98613 3.15801 1.15401 1.22043 1.05756 0.38646 0.33488 0.31666 0.86654 0.81938 0.94558
800 756 140098 1.64934 4.08801 4.61365 4.79478 11.45709 0.23164 1.05820 2.43867 2.96430 3.14544 0.52563 0.70677 0.18113 2.47857 2.79726 2.90708 1.12858 1.17289 1.03926 0.40346 0.35749 0.34399 0.88607 0.85260 0.96222
1600 1164 198297 1.11899 3.23986 3.81902 4.08713 5.07343 0.10647 1.37457 2.12087 2.70003 2.96814 0.57916 0.84727 0.26811 2.89533 3.41291 3.65251 1.17876 1.26152 1.07020 0.34538 0.29301 0.27378 0.84835 0.79270 0.93440
420 280 65700 1.77479 4.68379 5.47091 5.78317 16.45218 0.55867 1.50000 2.90901 3.69612 4.00838 0.78712 1.09938 0.31226 2.63907 3.08257 3.25852 1.16805 1.23472 1.05708 0.37892 0.32440 0.30689 0.85613 0.80990 0.94601
1000 728 337264 1.59625 4.16845 4.72679 4.97795 11.58867 0.46327 1.37363 2.57220 3.13055 3.38170 0.55834 0.80950 0.25116 2.61141 2.96119 3.11853 1.13394 1.19420 1.05313 0.38294 0.33770 0.32066 0.88188 0.83738 0.94955
800 589 138583 1.50725 4.09555 4.81250 5.14136 19.49473 0.29411 1.35823 2.58830 3.30525 3.63411 0.71695 1.04581 0.32886 2.71724 3.19291 3.41109 1.17506 1.25535 1.06833 0.36802 0.31319 0.29316 0.85102 0.79659 0.93604
1420 1157 201418 0.75632 2.04812 2.41176 2.55451 7.86404 0.12260 1.22731 1.29179 1.65544 1.79819 0.36364 0.50639 0.14275 2.70799 3.18879 3.37753 1.17755 1.24725 1.05919 0.36928 0.31360 0.29607 0.84922 0.80177 0.94412
600 360 75415 1.62862 4.24673 4.87825 5.19156 10.58972 0.34914 1.66667 2.61811 3.24962 3.56294 0.63152 0.94483 0.31331 2.60756 2.99532 3.18770 1.14871 1.22248 1.06423 0.38350 0.33385 0.31371 0.87054 0.81801 0.93965
366 512 76521 1.53000 4.07448 4.84586 5.22177 17.70358 0.40835 0.71484 2.54448 3.31586 3.69177 0.77138 1.14728 0.37591 2.66307 3.16724 3.41293 1.18932 1.28158 1.07757 0.37551 0.31573 0.29300 0.84082 0.78029 0.92801
370 496 73732 1.27426 3.56049 4.23499 4.54537 8.61228 0.40177 0.74597 2.28623 2.96073 3.27110 0.67450 0.98487 0.31037 2.79416 3.32348 3.56705 1.18944 1.27661 1.07329 0.35789 0.30089 0.28034 0.84073 0.78332 0.93172
335 512 67612 1.69181 4.25290 4.86327 5.12463 13.44018 0.39419 0.65430 2.56108 3.17146 3.43282 0.61037 0.87174 0.26136 2.51381 2.87459 3.02908 1.14352 1.20497 1.05374 0.39780 0.34788 0.33013 0.87449 0.82989 0.94900
688 478 277051 1.58909 4.08741 4.69181 4.99046 9.87810 0.84245 1.43933 2.49832 3.10272 3.40138 0.60440 0.90305 0.29865 2.57218 2.95252 3.14046 1.14787 1.22094 1.06365 0.38878 0.33869 0.31842 0.87118 0.81904 0.94016
1440 2193 1359149 1.80527 5.09886 5.88462 6.12307 31.85925 0.43039 0.65663 3.29358 4.07934 4.31779 0.78576 1.02421 0.23845 2.82443 3.25968 3.39177 1.15411 1.20087 1.04052 0.35405 0.30678 0.29483 0.86647 0.83273 0.96106
300 240 14696 1.62512 4.48369 5.28604 5.66981 14.00218 0.20411 1.25000 2.85857 3.66092 4.04468 0.80235 1.18611 0.38376 2.75898 3.25270 3.48884 1.17895 1.26454 1.07260 0.36245 0.30744 0.28663 0.84821 0.79080 0.93231
618 450 50649 1.34920 3.71758 4.46355 4.83836 13.35477 0.18213 1.37333 2.36838 3.11435 3.48917 0.74598 1.12079 0.37481 2.75540 3.30830 3.58610 1.20066 1.30148 1.08397 0.36292 0.30227 0.27885 0.83287 0.76835 0.92253
350 515 24863 1.35989 3.58511 4.17677 4.47140 6.96420 0.13794 0.67961 2.22522 2.81688 3.11151 0.59166 0.88629 0.29463 2.63633 3.07141 3.28806 1.16503 1.24721 1.07054 0.37932 0.32558 0.30413 0.85834 0.80179 0.93411
1665 1248 616823 1.83671 4.90608 5.76448 5.90824 21.71510 0.29685 1.33413 3.06937 3.92777 4.07153 0.85840 1.00216 0.14376 2.67113 3.13848 3.21675 1.17497 1.20427 1.02494 0.37437 0.31863 0.31087 0.85109 0.83038 0.97567
540 340 50297 1.11055 3.01472 3.53973 3.79058 10.29760 0.27395 1.58824 1.90417 2.42918 2.68003 0.52501 0.77586 0.25085 2.71462 3.18736 3.41324 1.17415 1.25736 1.07087 0.36838 0.31374 0.29298 0.85168 0.79532 0.93382
1261 1661 432730 1.62961 4.38053 5.06369 5.31980 14.00999 0.20660 0.75918 2.75092 3.43408 3.69019 0.68317 0.93927 0.25611 2.68809 3.10731 3.26447 1.15596 1.21442 1.05058 0.37201 0.32182 0.30633 0.86509 0.82344 0.95186
794 782 379041 1.65864 4.21462 4.83738 5.11491 10.22621 0.61046 1.01535 2.55598 3.17874 3.45626 0.62276 0.90028 0.27752 2.54101 2.91647 3.08379 1.14776 1.21361 1.05737 0.39354 0.34288 0.32428 0.87126 0.82399 0.94574
1440 689 199445 1.48821 4.08236 4.75829 5.06307 10.69846 0.20102 2.08999 2.59415 3.27008 3.57486 0.67592 0.98070 0.30478 2.74314 3.19732 3.40212 1.16557 1.24023 1.06405 0.36455 0.31276 0.29393 0.85795 0.80630 0.93980
800 531 109610 1.58943 4.19086 4.81822 5.10295 15.03878 0.25803 1.50659 2.60143 3.22878 3.51352 0.62735 0.91209 0.28474 2.63670 3.03141 3.21055 1.14970 1.21764 1.05910 0.37926 0.32988 0.31147 0.86980 0.82126 0.94420
1280 664 149648 1.47420 3.96535 4.58832 4.86005 9.10619 0.17607 1.92771 2.49115 3.11412 3.38585 0.62297 0.89470 0.27173 2.68983 3.11241 3.29674 1.15710 1.22563 1.05922 0.37177 0.32129 0.30333 0.86423 0.81591 0.94409
151 220 7530 1.51240 4.15370 4.96403 5.36939 15.96222 0.22667 0.68636 2.64130 3.45163 3.85698 0.81033 1.21568 0.40536 2.74643 3.28221 3.55024 1.19509 1.29267 1.08166 0.36411 0.30467 0.28167 0.83676 0.77359 0.92451
400 480 20910 1.21126 3.22292 3.66714 3.89817 6.40544 0.10891 0.83333 2.01166 2.45588 2.68691 0.44422 0.67525 0.23103 2.66080 3.02754 3.21828 1.13783 1.20951 1.06300 0.37583 0.33030 0.31073 0.87887 0.82678 0.94073
1506 2028 627271 1.63974 4.39699 4.82816 4.99760 12.60011 0.20538 0.74260 2.75725 3.18842 3.35786 0.43117 0.60061 0.16944 2.68152 2.94447 3.04780 1.09806 1.13660 1.03509 0.37292 0.33962 0.32810 0.91070 0.87982 0.96610
636 450 64047 1.67883 4.39081 5.07639 5.39313 13.95304 0.22378 1.41333 2.71198 3.39756 3.71430 0.68557 1.00232 0.31674 2.61540 3.02377 3.21244 1.15614 1.22828 1.06240 0.38235 0.33071 0.31129 0.86495 0.81415 0.94127
440 514 71174 1.22515 3.34763 3.88925 4.14718 7.00775 0.31471 0.85603 2.12248 2.66410 2.92203 0.54162 0.79955 0.25793 2.73242 3.17451 3.38504 1.16179 1.23884 1.06632 0.36598 0.31501 0.29542 0.86074 0.80721 0.93781
576 360 82967 1.76320 4.72392 5.50004 5.82073 20.82103 0.40011 1.60000 2.96072 3.73683 4.05753 0.77612 1.09681 0.32069 2.67917 3.11934 3.30122 1.16430 1.23218 1.05831 0.37325 0.32058 0.30292 0.85889 0.81157 0.94490
1024 814 193347 1.73278 4.16742 4.72711 4.91595 8.45629 0.23196 1.25799 2.43464 2.99434 3.18317 0.55970 0.74853 0.18883 2.40505 2.72806 2.83703 1.13430 1.17961 1.03995 0.41579 0.36656 0.35248 0.88160 0.84773 0.96159
800 590 133834 1.71257 4.45790 5.22856 5.56955 16.36005 0.28355 1.35593 2.74533 3.51599 3.85698 0.77065 1.11165 0.34100 2.60305 3.05305 3.25216 1.17287 1.24937 1.06522 0.38416 0.32754 0.30749 0.85261 0.80041 0.93877
619 450 39880 1.50025 4.00739 4.70553 5.07035 13.25852 0.14317 1.37556 2.50714 3.20528 3.57010 0.69814 1.06295 0.36482 2.67115 3.13650 3.37967 1.17421 1.26525 1.07753 0.37437 0.31883 0.29589 0.85163 0.79036 0.92805
512 319 64375 1.65632 4.24210 4.88039 5.15636 17.06255 0.39415 1.60502 2.58578 3.22408 3.50004 0.63830 0.91426 0.27597 2.56116 2.94653 3.11315 1.15047 1.21552 1.05655 0.39045 0.33938 0.32122 0.86921 0.82269 0.94648
800 588 67970 1.44223 3.70811 4.28100 4.56231 8.01813 0.14449 1.36054 2.26588 2.83877 3.12008 0.57289 0.85420 0.28131 2.57110 2.96832 3.16338 1.15450 1.23036 1.06571 0.38894 0.33689 0.31612 0.86618 0.81277 0.93834
684 666 127080 1.60370 4.05161 4.50139 4.67306 9.20792 0.27896 1.02703 2.44791 2.89769 3.06936 0.44978 0.62145 0.17167 2.52642 2.80688 2.91393 1.11101 1.15338 1.03814 0.39582 0.35627 0.34318 0.90008 0.86701 0.96326
800 899 183013 1.68151 4.34069 4.86120 5.07952 13.65910 0.25447 0.88988 2.65917 3.17969 3.39800 0.52051 0.73883 0.21831 2.58142 2.89097 3.02080 1.11992 1.17021 1.04491 0.38738 0.34590 0.33104 0.89292 0.85455 0.95702
388 290 13338 1.40436 3.91961 4.71592 5.08521 13.34281 0.11854 1.33793 2.51525 3.31155 3.68085 0.79630 1.16560 0.36929 2.79103 3.35805 3.62101 1.20316 1.29738 1.07831 0.35829 0.29779 0.27617 0.83115 0.77079 0.92738
576 432 53985 1.64226 4.14385 4.66708 4.90948 9.66118 0.21695 1.33333 2.50159 3.02482 3.26722 0.52323 0.76563 0.24240 2.52326 2.84187 2.98947 1.12627 1.18476 1.05194 0.39631 0.35188 0.33451 0.88789 0.84405 0.95063
500 375 58548 1.75497 4.45847 5.07842 5.32516 13.07975 0.31226 1.33333 2.70350 3.32345 3.57019 0.61994 0.86668 0.24674 2.54048 2.89373 3.03433 1.13905 1.19439 1.04859 0.39363 0.34557 0.32956 0.87793 0.83725 0.95366
1000 758 1023294 1.67877 4.01824 4.58047 4.77647 9.12978 1.34999 1.31926 2.33947 2.90170 3.09770 0.56223 0.75823 0.19600 2.39357 2.72847 2.84523 1.13992 1.18870 1.04279 0.41779 0.36651 0.35147 0.87726 0.84126 0.95897
576 403 64567 1.76063 4.50990 5.16259 5.43120 13.17720 0.27815 1.42928 2.74927 3.40196 3.67057 0.65269 0.92130 0.26861 2.56153 2.93224 3.08481 1.14472 1.20428 1.05203 0.39039 0.34104 0.32417 0.87357 0.83037 0.95054
298 400 19920 1.56268 4.15907 4.88202 5.18732 10.07751 0.16711 0.74500 2.59639 3.31935 3.62465 0.72295 1.02826 0.30530 2.66150 3.12414 3.31951 1.17383 1.24723 1.06254 0.37573 0.32009 0.30125 0.85192 0.80178 0.94114
1903 2087 1674756 1.87207 5.37434 6.19844 6.47075 34.75748 0.42169 0.91184 3.50227 4.32637 4.59868 0.82409 1.09641 0.27231 2.87080 3.31100 3.45647 1.15334 1.20401 1.04393 0.34833 0.30202 0.28931 0.86705 0.83056 0.95792
2334 1852 4947710 1.80609 4.73004 5.19508 5.40762 13.51247 1.14462 1.26026 2.92395 3.38898 3.60153 0.46503 0.67758 0.21255 2.61894 2.87642 2.99410 1.09832 1.14325 1.04091 0.38183 0.34765 0.33399 0.91049 0.87470 0.96070
394 700 332920 1.65594 4.39164 4.91692 5.15761 12.40396 1.20711 0.56286 2.73570 3.26098 3.50167 0.52528 0.76597 0.24069 2.65205 2.96926 3.11461 1.11961 1.17442 1.04895 0.37707 0.33678 0.32107 0.89317 0.85149 0.95333
859 571 95089 1.68295 4.47577 5.17022 5.46571 16.77768 0.19387 1.50438 2.79282 3.48726 3.78275 0.69445 0.98994 0.29549 2.65947 3.07211 3.24769 1.15516 1.22118 1.05715 0.37601 0.32551 0.30791 0.86568 0.81888 0.94594
750 1074 209317 1.55857 4.16919 4.89767 5.21006 16.62815 0.25986 0.69832 2.61062 3.33911 3.65149 0.72848 1.04087 0.31238 2.67502 3.14242 3.34285 1.17473 1.24966 1.06378 0.37383 0.31823 0.29915 0.85126 0.80022 0.94004
800 509 80378 1.39150 3.61380 4.18011 4.44542 10.59558 0.19739 1.57171 2.22230 2.78861 3.05392 0.56632 0.83162 0.26530 2.59705 3.00404 3.19470 1.15671 1.23012 1.06347 0.38505 0.33289 0.31302 0.86452 0.81293 0.94032
