957 571 84864 1.40431 3.73170 4.32422 4.60898 6.30337 0.15530 1.67601 2.32738 2.91990 3.20466 0.59252 0.87728 0.28476 2.65731 3.07924 3.28202 1.15878 1.23509 1.06585
959 589 89889 1.56865 4.06599 4.65255 4.91062 8.85741 0.15914 1.62818 2.49733 3.08390 3.34197 0.58656 0.84464 0.25808 2.59202 2.96595 3.13047 1.14426 1.20773 1.05547
1024 759 154870 1.60943 4.11126 4.67676 4.90163 8.86852 0.19926 1.34914 2.50183 3.06733 3.29220 0.56550 0.79037 0.22487 2.55448 2.90585 3.04556 1.13755 1.19225 1.04808
1024 660 149656 1.54662 4.03142 4.66865 4.95149 10.81377 0.22144 1.55152 2.48479 3.12203 3.40486 0.63724 0.92007 0.28284 2.60659 3.01861 3.20148 1.15807 1.22823 1.06058
1293 750 181995 1.61205 4.26073 4.87126 5.12118 10.45240 0.18767 1.72400 2.64868 3.25922 3.50914 0.61054 0.86046 0.24992 2.64305 3.02179 3.17682 1.14329 1.20195 1.05130
1280 896 377592 1.82712 4.80460 5.45641 5.67861 18.67039 0.32923 1.42857 2.97748 3.62929 3.85148 0.65181 0.87401 0.22220 2.62960 2.98634 3.10795 1.13566 1.18191 1.04072
1160 773 816809 1.56945 3.82752 4.33737 4.58802 7.84072 0.91093 1.50065 2.25807 2.76792 3.01857 0.50985 0.76050 0.25065 2.43877 2.76363 2.92334 1.13321 1.19869 1.05779
1024 679 85889 1.09193 2.96939 3.43164 3.65359 4.87120 0.12353 1.50810 1.87746 2.33972 2.56166 0.46226 0.68420 0.22194 2.71940 3.14274 3.34600 1.15567 1.23042 1.06468
1024 473 82052 1.38525 3.69659 4.29020 4.57053 7.08361 0.16941 2.16490 2.31134 2.90495 3.18527 0.59361 0.87394 0.28033 2.66853 3.09705 3.29942 1.16058 1.23642 1.06534
750 412 59519 1.61292 4.37387 5.09574 5.39992 10.29578 0.19262 1.82039 2.76095 3.48282 3.78700 0.72187 1.02605 0.30417 2.71177 3.15932 3.34791 1.16504 1.23459 1.05969
750 558 60227 1.40784 3.67350 4.26659 4.55629 6.94308 0.14391 1.34409 2.26567 2.85876 3.14845 0.59309 0.88278 0.28970 2.60933 3.03060 3.23638 1.16145 1.24031 1.06790
750 550 81266 1.52673 4.06843 4.73329 5.01379 11.74434 0.19701 1.36364 2.54169 3.20656 3.48706 0.66487 0.94536 0.28050 2.66479 3.10028 3.28400 1.16342 1.23237 1.05926
1840 1259 2324226 1.54644 3.81380 4.30575 4.51454 8.72718 1.00331 1.46148 2.26736 2.75931 2.96810 0.49196 0.70075 0.20879 2.46618 2.78430 2.91931 1.12899 1.18374 1.04849
768 514 104284 1.65594 4.14548 4.67611 4.92722 9.10010 0.26418 1.49416 2.48955 3.02017 3.27128 0.53062 0.78173 0.25111 2.50340 2.82384 2.97548 1.12800 1.18857 1.05370
1146 758 155164 1.52354 3.90986 4.43201 4.67786 10.16815 0.17862 1.51187 2.38632 2.90847 3.15432 0.52215 0.76800 0.24585 2.56630 2.90902 3.07039 1.13355 1.19643 1.05547
1021 768 236336 1.77056 4.62437 5.18401 5.39764 12.34834 0.30140 1.32943 2.85381 3.41345 3.62709 0.55964 0.77327 0.21363 2.61182 2.92790 3.04856 1.12102 1.16722 1.04121
2536 1826 356167 1.27647 3.50201 4.00109 4.22598 4.09265 0.07691 1.38883 2.22553 2.72461 2.94951 0.49908 0.72398 0.22490 2.74350 3.13449 3.31067 1.14251 1.20673 1.05621
1045 600 201830 1.83103 4.84616 5.57688 5.84016 17.22057 0.32190 1.74167 3.01513 3.74585 4.00914 0.73072 0.99401 0.26328 2.64669 3.04577 3.18956 1.15078 1.20511 1.04721
1197 711 199854 1.74396 4.51050 5.21371 5.37252 15.87370 0.23483 1.68354 2.76654 3.46976 3.62856 0.70321 0.86202 0.15881 2.58636 2.98959 3.08065 1.15591 1.19111 1.03046
1207 961 1261722 1.55502 4.23222 4.79754 4.96246 9.84249 1.08776 1.25598 2.67720 3.24252 3.40745 0.56532 0.73025 0.16493 2.72165 3.08520 3.19126 1.13358 1.17254 1.03438
1000 650 276391 1.73034 4.49862 5.12290 5.32536 14.00331 0.42522 1.53846 2.76828 3.39257 3.59502 0.62429 0.82674 0.20246 2.59985 2.96064 3.07764 1.13877 1.18378 1.03952
1002 814 249204 1.86890 5.04221 5.79996 6.13500 24.37266 0.30554 1.23096 3.17331 3.93106 4.26610 0.75775 1.09279 0.33504 2.69796 3.10341 3.28269 1.15028 1.21673 1.05777
1500 1163 314169 1.51106 4.13541 4.83021 5.15166 8.21818 0.18009 1.28977 2.62434 3.31914 3.64059 0.69480 1.01625 0.32145 2.73675 3.19656 3.40929 1.16801 1.24574 1.06655
1212 1024 607323 1.87931 5.09362 5.92017 6.22298 23.96032 0.48935 1.18359 3.21431 4.04085 4.34367 0.82654 1.12936 0.30282 2.71036 3.15017 3.31131 1.16227 1.22172 1.05115
1200 997 372956 1.83718 4.80822 5.46575 5.60455 16.18753 0.31173 1.20361 2.97104 3.62857 3.76736 0.65753 0.79632 0.13879 2.61717 2.97507 3.05062 1.13675 1.16562 1.02539
1200 958 303919 1.73730 4.54851 5.20799 5.45035 11.95397 0.26437 1.25261 2.81121 3.47069 3.71305 0.65948 0.90184 0.24236 2.61815 2.99774 3.13725 1.14499 1.19827 1.04654
1250 1024 325858 1.79195 4.59475 5.30780 5.55911 14.07078 0.25458 1.22070 2.80280 3.51585 3.76716 0.71305 0.96436 0.25131 2.56411 2.96203 3.10227 1.15519 1.20988 1.04735
1280 972 267868 1.62137 4.18283 4.80304 5.05645 10.22953 0.21530 1.31687 2.56145 3.18166 3.43507 0.62021 0.87362 0.25341 2.57980 2.96233 3.11862 1.14828 1.20886 1.05276
1024 767 284702 1.75661 4.58519 5.26222 5.53564 15.34580 0.36249 1.33507 2.82858 3.50561 3.77903 0.67702 0.95045 0.27342 2.61025 2.99566 3.15132 1.14765 1.20729 1.05196
1411 1200 220229 1.40782 3.79644 4.32589 4.55018 6.27804 0.13007 1.17583 2.38862 2.91807 3.14236 0.52945 0.75374 0.22428 2.69668 3.07276 3.23207 1.13946 1.19854 1.05185
1253 1024 341651 1.76075 4.77833 5.50365 5.80987 17.29549 0.26628 1.22363 3.01759 3.74290 4.04913 0.72532 1.03154 0.30622 2.71381 3.12575 3.29966 1.15179 1.21588 1.05564
